0 1 0 1 50.0 4a5e1e4baab89f3a32518a88c31bc87f618f76673e2cc77ab2127b7afdeda33b0  
1 1 0 1 50.0 0e3e2357e806b6cdb1f70b54c3a3a17b6714ee1f0e68bebb44a74b1efd5120980  
2 1 0 1 50.0 9b0fc92260312ce44e74ef369f5c66bbb85848f2eddd5a7a1cde251e54ccfdd50  
3 1 0 1 50.0 999e1c837c76a1b7fbb7e57baf87b309960f5ffefbf2a9b95dd890602272f6440  
4 1 0 1 50.0 df2b060fa2e5e9c8ed5eaf6a45c13753ec8c63282b2688322eba40cd98ea067a0  
5 1 0 1 50.0 63522845d294ee9b0188ae5cac91bf389a0c3723f084ca1025e7d9cdfe481ce10  
6 1 0 1 50.0 20251a76e64e920e58291a30d4b212939aae976baca40e70818ceaa596fb9d370  
7 1 0 1 50.0 8aa673bc752f2851fd645d6a0a92917e967083007d9c1684f9423b100540673f0  
8 1 0 1 50.0 a6f7f1c0dad0f2eb6b13c4f33de664b1b0e9f22efad5994a6d5b6086d85e85e30  
9 1 0 1 50.0 0437cd7f8525ceed2324359c2d0ba26006d92d856a9c20fa0241106ee5a597c90  
10 1 0 1 50.0 d3ad39fa52a89997ac7381c95eeffeaf40b66af7a57e9eba144be0a175a12b110  
11 1 0 1 50.0 f8325d8f7fa5d658ea143629288d0530d2710dc9193ddc067439de803c37066e0  
12 1 0 1 50.0 3b96bb7e197ef276b85131afd4a09c059cc368133a26ca04ebffb0ab4f75c8b80  
13 1 0 1 50.0 9962d5c704ec27243364cbe9d384808feeac1c15c35ac790dffd1e929829b2710  
14 1 0 1 50.0 e1afd89295b68bc5247fe0ca2885dd4b8818d7ce430faa615067d7bab86401560  
15 1 0 1 50.0 50748b7a193a0b23f1e9494b51131d2f954cc6cf4792bacc69d207d16002080d0  
16 1 0 1 50.0 e79fc1dad370e628614702f048edc8e98829cf8ea8f6615db19f992b1be92e440  
17 1 0 1 50.0 a3e0b7558e67f5cadd4a3166912cbf6f930044124358ef3a9afd885ac391625d0  
18 1 0 1 50.0 f925f26deb2dc4696be8782ab7ad9493d04721b28ee69a09d7dfca51b863ca230  
19 1 0 1 50.0 9b9e461221e5284f3bfe5656efdc8c7cc633b2f1beef54a86316bf2ae3a3e2300  
20 1 0 1 50.0 ee1afca2d1130676503a6db5d6a77075b2bf71382cfdf99231f89717b5257b5b0  
21 1 0 1 50.0 e0175970efb4417950921bfcba2a3a1e88c007c21232ff706009cc70b89210b40  
22 1 0 1 50.0 9e2eaf1d7e5178a2d116f331c340f1f7fd6de7540783ac36a7054fe9a4d649430  
23 1 0 1 50.0 e1cf3476234d8446653ad52a8939ed792003eefdcd0e897319ab9d2cb4c14c8c0  
24 1 0 1 50.0 43c39b8b3728c6cb26fae0fc18803ca6cf43e15fde218e3dfbd54e633cf6753e0  
25 1 0 1 50.0 9b0f52332d7d013b49016416c4818b5abb80b01ca526b7b813830348ad2321be0  
26 1 0 1 50.0 67c1e8143bb6ad221a4ce77d6c8be68f2e25e0743f51b2db1a7b22bab59014dc0  
27 1 0 1 50.0 230cf03a6ce420eaa42e3c64feebb47920f3470efb4323b4574b4b6e5a004f650  
28 1 0 1 50.0 f399cb6c5bed7bb36d44f361c29dd5ecf12deba163470d8835b7ba0c4ed8aebd0  
29 1 0 1 50.0 c361e2f4581f035dd58b99788347884e046e47b4c17ec347344ff8b24cd377ec0  
30 1 0 1 50.0 f5e26c8b82401c585235c572ba8265f16f7d9304ed8e31c198eab571754f53310  
31 1 0 1 50.0 86b33edba8ff663b0f73ef487e4433f34d26ef91de15659d2cc09594d27b52cb0  
32 1 0 1 50.0 2b9905f06583c01454f10f720b5709e3b667c9dd3d9efc423c97b7e70afdc0c90  
33 1 0 1 50.0 bdeaa0089cd84670da5e6385f0185c2d7978bf57a1aa5540d3ff3b3eabaa12100  
34 1 0 1 50.0 223b0620a8f1c1f23a2ebf8032ed11321b921017d01974e74cddd651319b54740  
35 1 0 1 50.0 852b1997ed935ba638078998e2d15bc8a91b8ad232e2d988e22c969eba3bafe00  
36 1 0 1 50.0 d05d256fbd5845b30039e37d48215788a4e438249048c47ddb9c83cd927d4d5a0  
37 1 0 1 50.0 6d344eb5d67ed329a1c1d7603bba4b85d5916435b49f7a585bb370b76820287d0  
38 1 0 1 50.0 e690daeb9f73d29d8a22cb4b5ec29970e9b32283d4376adeaad8691ccb449a680  
39 1 0 1 50.0 1484c18ba443b13851098597d8cb6d49d5983eab63c53d6b0dcc565612e7ca6b0  
40 1 0 1 50.0 04391286b3aefbb5df4cdb515ac7fce7942525fa602e1d7757e90a4fd41a1e200  
41 1 0 1 50.0 9efa6cb3b8cca3c9387144f397f80e7b4bc2dd86026fdd308625a2e100a08d5a0  
42 1 0 1 50.0 27c4d937dca276fb2b61e579902e8a876fd5b5abc17590410ced02d5a9f8e4830  
43 1 0 1 50.0 2f5c03ce19e9a855ac93087a1b68fe6592bcf4bd7cbb9c1ef264d886a785894e0  
44 1 0 1 50.0 439aee1e1aa6923ad61c1990459f88de1faa3e18b4ee125f99b94b82e1e0af5f0  
45 1 0 1 50.0 f69778085f1e78a1ea1cfcfe3b61ffb5c99870f5ae382e41ec43cf165d66a6d90  
46 1 0 1 50.0 ddd4d06365155ab4caaaee552fb3d8643207bd06efe14f920698a6dd4eb22ffa0  
47 1 0 1 50.0 d17b9c9c609309049dfb9005edd7011f02d7875ca7dab6effddf4648bb70eff60  
48 1 0 1 50.0 32edede0b7d0c37340a665de057f418df634452f6bb80dcb8a5ff0aeddf1158a0  
49 1 0 1 50.0 194c9715279d8626bc66f2b6552f2ae67b3df3a00b88553245b12bffffad5b590  
50 1 0 1 50.0 540a7e54fd64478554519f1b2d643ecc888c5030631487f9cfc530b71d2813090  
51 1 0 1 50.0 a09c89d2a31440658a42ec97aeee0d36b01529e45b315922e2aa2955334d18210  
52 1 0 1 50.0 b3f978e6ee5e91662af30a634b3f3268c6f5d34aac1eb54e6cc9535026f5084f0  
53 1 0 1 50.0 3c6f58905f06a9fe9b4313a88827c43dbfb0156fcc3b17bb311d51e8be6746f50  
54 1 0 1 50.0 d3dc9be5d58809579e56cdd64e78257ecd24e2726cf26ef0a698f4e5c07670b50  
55 1 0 1 50.0 19521c62482ac299b37c8ae4eab67abd150e3c21dc66b7e2b0919444769ee2ed0  
56 1 0 1 50.0 fe9ccc6c8b44c67ab170135d4148d6424e748f7549547d8174d59b5127df01020  
57 1 0 1 50.0 bc0f0f8b3235421a036122299db7046a00c3a7cd1d650de3d92969780b8737280  
58 1 0 1 50.0 9635054e3de101ea39dcfa5f4cec63ceb1205db6e0a99304c8db2b3a162137e40  
59 1 0 1 50.0 3c0db11484606a63b04ef4b8adcd665655939d3932ab1ebe90d1dfc5f077ca950  
60 1 0 1 50.0 82a1e1731a9b22fdea55c09f2fac191a89efee127956fcfef65caab70f54002d0  
61 1 0 1 50.0 ae6eedf8e47ac6dda10ca9f3334bd3031795c55a124948003acd944ebd31fee10  
62 1 0 1 50.0 701ce76c033e0b03fa79503770a5874840373e30cd9c1eca472ec66617f3a3ee0  
63 1 0 1 50.0 0731f33cf07a2e5f749a2910c437a015968e1fc2ed79c95634829167db280c4f0  
64 1 0 1 50.0 ebdb8335d5b148e9cc1b1bb795ee619a649bd1638e5514fdfc3004b1c56fd6a40  
65 1 0 1 50.0 f15c7c51118c1dc93129a9f4999c7768ef2ff8cda3230f56d32576518c5f93490  
66 1 0 1 50.0 f01d7897ca02ed20dfb5544b3c1228e225fd97b72510d40af6c9d8e489033a740  
67 1 0 1 50.0 b17fc28c1dc15ca4b05bf4784419c145b14e79ece54c793656997984c4e467150  
68 1 0 1 50.0 bdc5121446fd203abbf0e4d13fe99594dc3dc4c1cb95504feb459e8982d923be0  
69 1 0 1 50.0 807822a80b4ed7b7dfbe560a79705c62a71e48be9dbcce152ab70f94b1eb43070  
70 1 0 1 50.0 aa5f3068b53941915d82be382f2b35711305ec7d454a34ca69f8897510db7ab80  
71 1 0 1 50.0 fd83acf6e35be34a654ae53fbdc43ae4a7c4e1bcc334064a6360bf6b32339fcb0  
72 1 0 1 50.0 dea3224cc1333edf41b3b97913d8b2a6402bddf6132f2137e003b535369f9ae10  
73 1 0 1 50.0 41b48c64cba68c21e0b7b37f589408823f112bb7cbccef4aece29df25347ffb40  
74 1 0 1 50.0 d472546c5171ea73bc9000f2994f069631c7706f5e922e2fe5f8e50e0402bed60  
75 1 0 1 50.0 382501ac2d50c5944465c2c316dbe2c70f23dd0de73ea86d339ea5f2bca7b6480  
76 1 0 1 50.0 47c981c4193d62d9d33b59fe1a6de9c27ff78d9f9003325b61e686a7206736260  
77 1 0 1 50.0 b5015619429af022efa69e0401891a92533b1852f214b68504c2e435a8cb7d0e0  
78 1 0 1 50.0 7ea1d2304f1f95fae773ed8ef67b51cfd5ab33ea8b6ab0a932ee3e248b7ba74c0  
79 1 0 1 50.0 fb9967077804b9a4b7f5c80f7d8c567639cc14b17955da27c10b9947ddbd18250  
80 1 0 1 50.0 5ed287fa7b07229b53b15c6ad95ab49c1c222aa0fcfa2dd6603fa8492fae54c60  
81 1 0 1 50.0 5c4c653395879f5992949b3e28bb0be7b27d49e9e11d64899c5de30928d4ad990  
82 1 0 1 50.0 81fb4b1430e5c2cdee38be1a147c45fe23b38bbad0375ff67dc64450844445be0  
83 1 0 1 50.0 561eebc615218a12a9588ac78dde63aa56f3b1b43eb17174d2f093d1e2d1ca730  
84 1 0 1 50.0 9a3d8485cde248ab7dcea68c5a8539498ecb8ad337f2574fc2143d2f644b2e1d0  
85 1 0 1 50.0 c39bde3039372f835ca96f15d5f38df585fac24a316d28cb5febae7c4af15cb40  
86 1 0 1 50.0 12272d79ff1fbc1238d78d7d6e0e75c5f0e7aae7925e4f59b96b02fc2cd82bfc0  
87 1 0 1 50.0 edb7b78f88263e5c47717ee0761131683e85cc31beeac9a98554917c306864400  
88 1 0 1 50.0 797556eb999f8fdfd8198dd9ea80723409a359ddcd75c4a54a511970745812f00  
89 1 0 1 50.0 2306da842919574ed10ee9c211508b2bae2e8729b2fa5e83b4173831b89d2c280  
90 1 0 1 50.0 9f94cc5c9211258c39f048f4da42dd3048e4d1434c2eff2d28dbf3b3612775c60  
91 1 0 1 50.0 c184c93d7494f4096e9e9cb420f7d74c79c4ffd2806d68ff03bb7633bbf21d670  
92 1 0 1 50.0 81b896b98663fb6238c9643545eba3a1b32933f96e1a33d122efed5ab7165f2d0  
93 1 0 1 50.0 71cbe112176d6dc40490dde588798bd75de80133438016a0c05754d74ee1925a0  
94 1 0 1 50.0 3226a75aaf23565ab1f4b4d3cf7f945e188b1ef35d14bba50bd3ee05df9854900  
95 1 0 1 50.0 8f2cd8d8c2b4ac9162cd8fb11856982ca1bb33898d19f6b50d8361b1318b7dc00  
96 1 0 1 50.0 5f716bfbb5be57a4f2283509938898cffe7971af12adb152a058ac02405c85d80  
97 1 0 1 50.0 cc4d0dd009ccf08805d9dca9232a47c60681375312a520f3609045649c2a16900  
98 1 0 1 50.0 d0d31488af1205e17630a459d0e2874d18e3102bee42b4dd3806dd9169638b660  
99 1 0 1 50.0 33a4592d4d8dc04304361ad7bcd96fe23fa801db6d7d917074f75c732079a5690  
100 1 0 1 50.0 2d05f0c9c3e1c226e63b5fac240137687544cf631cd616fd34fd188fc90208660  
101 1 0 1 50.0 cfe6b74cab677b52d850ac659d54266a3a4d7bb48270234d2fec836881d0a5f70  
102 1 0 1 50.0 3b44b5ce02d36db604f0d6b7cc761685484c370a235c54539700b1ad23afefce0  
103 1 0 1 50.0 88d2a4e04a96b45e3ba04637098a92fd0786daf3fc8ff88314f8e739a9918bf30  
104 1 0 1 50.0 240074c357b073a794d4dddb19cfb656f2899a89cc2988ab78668efe46d6b74b0  
105 1 0 1 50.0 5bc9bd461b455db119181c060085bd656430d9d431bbe4539eb0e367e9c77ac80  
106 1 0 1 50.0 18883aec5f3e6cec38520df46530f0c6b1ab35973c386922e1c4580fbb9dee800  
107 1 0 1 50.0 97e5c5228b572e1be5e91e0cf04784757a293a5efe2788df42868d5cc12a23820  
108 1 0 1 50.0 202b784e7fcbb28b28906a80d0b65a97cea04db8e34d26596efa55f8806a94020  
109 1 0 1 50.0 a3007f3f43250476e47d2326dff86155f219294467da4e9e66a168abfab4b2300  
110 1 0 1 50.0 abde5e83fc1973fd042c56c8cb41b6c739f3e50678d1fa2f99f0a409e4aa80c70  
111 1 0 1 50.0 e7a3e246c6f2d582b089d7d6c2f925e8aae46ef0c0ce97d3dd3afe3016a44e970  
112 1 0 1 50.0 3438117001eedca26a917571b11e684ab3a4b1ca172fdc0ccaa3cc439b211ead0  
113 1 0 1 50.0 2190266c257e569eb34062471fd3d2327252ab5bdc6427dbc4531e2c8ac4e5e10  
114 1 0 1 50.0 ca7b0295546806c9b6631f8bc89ed0b55434ee5f8ce6198a918af18c6da9237c0  
115 1 0 1 50.0 3ed59485d7b1e1ded9c35a5a098611f5ddd7c1581923de11165b759b5fc8e0a40  
116 1 0 1 50.0 5c8605699ca5c4ab9a4ff4054d04c253331f20e8f338a7482cde878f5b63bea90  
117 1 0 1 50.0 bbbf6ee73ce663f04f74b2847f39f1ac6ecff085f6bad7b6a20bfd15f06143fb0  
118 1 0 1 50.0 4451cf99a232a9f43f7726989789a4fa62e4ab14af507cbe864bf9bac64281c20  
119 1 0 1 50.0 3797c09006aaad367f7342e215820e499bfbb809f042c690fb7a71b8537c08680  
120 1 0 1 50.0 41d65efc188d9394e47987b39891254cdb35cdfbbcc5876193685994e8a6e6f50  
121 1 0 1 50.0 38d907cc08db97a47c2a6e789daeaf6343fa107c5e03297a8bb709373ac17eff0  
122 1 0 1 50.0 d637b6d9c9847fb9fad159f6a60d6d8c93fc546f9fd61c317d61315bea9fdbef0  
123 1 0 1 50.0 b944ef8c77f9b5f4a4276880f17256988bba4d0125abc54391548061a688ae090  
124 1 0 1 50.0 611b40973fe68cc42b70ae5af365a449af458d76086415c6fa6c45364c36278e0  
125 1 0 1 50.0 0d4fe37aeb52ff6c01f119fe0cd42ee8f2366d9bf55c50ba8fe52e760dcbc96a0  
126 1 0 1 50.0 28614aedbf551e1e4c0ba85cfae326a0b17c7fe0812a7e814d8612d9936e19c80  
127 1 0 1 50.0 0a4820413c11c1b9d28bff885a155da7ed1fcaf784d22f5b46796e2c4e83ace10  
128 1 0 1 50.0 5f9aa6e1717102b9a059c223901fa36842c8a9db462d58a0ba71177c9ed9febc0  
129 1 0 1 50.0 9a1f38fa9f25bb77504cfda998c4742b5a22466acb32ebedb247bd284682a5be0  
130 1 0 1 50.0 9200bf5bccb0e27e20939be38d83e4b1d337e219e0e254a4d0c57a1a9973ba360  
131 1 0 1 50.0 9a9699147493e8528df46eb9a3216ad1ab64fd733fa3f8f3d55908ad7ec41ff90  
132 1 0 1 50.0 0f1bb85ed4cdf6bc13491b23afb924bb9ac556fb1db246d09252443a66a2a9e40  
133 1 0 1 50.0 08648614555595f23ea51c8c018777ac0601e328d7784e41a18408863d98500d0  
134 1 0 1 50.0 0531b1aae949e997105507732ed7c76eae5c9ea987d7a4f7c45e7a28c36cab280  
135 1 0 1 50.0 f2a9c8b6b9361b21ee2f28672053ba0080b2bbbcb767ad34eb0c4d614d54014a0  
136 1 0 1 50.0 503b849e628ef733ee0b0d9dc152f96e78a083afaee5c84298c2855e1d80c9f10  
137 1 0 1 50.0 882b98507359823f93cf9830ee90e192c62d4964c16297c6dc3bf525d27a53cb0  
138 1 0 1 50.0 d813666ec8d5d1b7ec5fb99e69b4d669470b43c1ee0218ecec0b2238d8f8a7d90  
139 1 0 1 50.0 65874fda54b304d965905765a590fac1ba46585a38e3e5e48db216476caf011d0  
140 1 0 1 50.0 0e9639e3e6161c7c2917aa114fd6695e92c35f1c6acc6ad8489e3e44683727d50  
141 1 0 1 50.0 b0a8291efa1dcd99cf58b5216c4105283b9a482b2f2d821ce00a52ced49084440  
142 1 0 1 50.0 73a4ce71aab2077ce17239c9f31922571e703a26d2c212daffae2bb15bb898ba0  
143 1 0 1 50.0 9d16f495beba16b70e05682c6e8dacf34e832db1dbc8b05c2c3bdae7effd06420  
144 1 0 1 50.0 70b8b6b9f6b4989ad63a19001c311c141dbb6ecdd060c56ae4f05bb507f958360  
145 1 0 1 50.0 3f44efc23687edae461827db9545731ec7232b1d681f1562911a25c0159e35390  
146 1 0 1 50.0 429cb6f783a85f46b55ae3066d01dad772c14a53abcab4973182eb24413783a60  
147 1 0 1 50.0 ae44c01fafeb75098a9bb331c5e541ac5a2ad27e08282a10ab189c80c568616f0  
148 1 0 1 50.0 55a6ec0df293a3bf380c094981f44d2a402798dc39dc6a4a0cd29f70bf1bc18a0  
149 1 0 1 50.0 5acba2e13fcd823b5541403a2e3e1b7e96ced0663b957710f370842776bb4f470  
150 1 0 1 50.0 b52919a809a1c16fd13a0e546b73b00d704ca5305aab2b1818a066f3f43c25b90  
151 1 0 1 50.0 a0a9b9690b60d35d1041371e3b1f6932d90d3f917cbfee251466f769dd900cfe0  
152 1 0 1 50.0 b774fa572cd148e44e2260fd7d026560655ce264c7c32b422b9f20ebb60c7eca0  
153 1 0 1 50.0 cb35591c2bdce399011c3352d48d4445d989a553193e0bbb8a72dd5b9aae3fca0  
154 1 0 1 50.0 6e83c14dc03aab90457e0fd9c305809189c42d86ea415ac7887931e5d76534ce0  
155 1 0 1 50.0 e94f87abbfbf2b475b2f8f6eaae2becf481e0e82114040bf4b57d359dc7dfa520  
156 1 0 1 50.0 cbcc6534a64d072365408f30edb21270dd861ab927fdfb7f2574457922bd3edc0  
157 1 0 1 50.0 31c8797c11bcb48f91b794b45fb999c2aab7902ab4e3e55f2ed28838bf2065d40  
158 1 0 1 50.0 a082c05607eadab443076ec8a9c6c6a64149da9ff09ea91b77277d430603e56d0  
159 1 0 1 50.0 4552bd87f70bbcde3a1e5a210e96a40aa4e5efaabbfd37e4b0ae5367e349f9160  
160 1 0 1 50.0 2eb014eb0def199ad346be8c579409938f8571811178e9efbca2ef505d0363170  
161 1 0 1 50.0 9a1674851f7938ae6b35538b5b85a477dfbccb5c74cc88c475d026a7b6548a790  
162 1 0 1 50.0 01015f270c5c272d83f7b41b895ae548c797fb05be65479c8f5d7fce7c8fe6f60  
163 1 0 1 50.0 030b9536f8212a2986f45e8eafb294a401f9e5eb1b410dae33309c8ceab70c110  
164 1 0 1 50.0 053664b11b14df95e7e183450cb594fe6c3348e3981c183a0e5fb93da0da24fa0  
165 1 0 1 50.0 c11a2807396b22978f8f82357d3466a949cdaa046713ab004b5d48647c029ebe0  
166 1 0 1 50.0 84ace723cb0fcb4f4459cf7c7822a3142c6c1f84fff5dfceab494984c3947a7a0  
167 1 0 1 50.0 268a23c98e0b3c662ab55a51e3e3d38f5663924b7ad401bbd59d84f45a3a704c0  
168 1 0 1 50.0 6a8226ad9980693ffbf41a15a1118fb73a9f68cda9c0b9951490bd03cb70d1d80  
169 1 0 1 50.0 d7b9a9da6becbf47494c27e913241e5a2b85c5cceba4b2f0d8305e0a87b92d980  
170 2 1 3 0437cd7f8525ceed2324359c2d0ba26006d92d856a9c20fa0241106ee5a597c90 50.0 10.0 40.0 b1fea52486ce0c62bb442b530a3f0132b826c74e473d1f2c220bfa78111c50820 f4184fc596403b9d638783cf57adfe4c75c605f6356fbc91338530e9831e9e160 f4184fc596403b9d638783cf57adfe4c75c605f6356fbc91338530e9831e9e161  
171 1 0 1 50.0 d5f2d21453a6f0e67b5c42959c9700853e4c4d46fa7519d1cc58e77369c893f20  
172 1 0 1 50.0 389cf9b9fc51d668dafb9dc6b9a24b8fddec5f035235a58d4a62919b39b078d50  
173 1 0 1 50.0 60967e291dd8f3e3e817d6aa6e2e86d754e0b99f037f6b3f7079367ee7a309520  
174 1 0 1 50.0 ccb97113d5c2156d938edfaff425e301d1b862c9986714d443ab43070f1195810  
175 1 0 1 50.0 48fb3d15e828a31aab6ae17b6f5b14333d0701a9358f9d2ea57655c32cb53b900  
176 1 0 1 50.0 64c195ad911554d3cbfbed05f78b5aa9379a0f98600305b03469cbb70ce13d5c0  
177 1 0 1 50.0 07b4b23fca39e9b263fd214d9274335231c3b025aa3d817860fc214a84365e880  
178 1 0 1 50.0 672778aca436894888bb63d7a37d2f67c5942caca93942ee2e98143c08f1f46b0  
179 1 0 1 50.0 c77891a80c3929fd2db7b5120749dbd35ebdbb10ab92489f98c23953afcfc36b0  
180 1 0 1 50.0 bd8cfe1837c88caa4ca37df77380d5b0af9692ed92ddbc247cd2aef388691d4f0  
181 2 1 3 f4184fc596403b9d638783cf57adfe4c75c605f6356fbc91338530e9831e9e161 50.0 10.0 30.0 8347cee4a1cb5ad1bb0d92e86e6612dbf6cfc7649c9964f210d4069b426e720a0 a16f3ce4dd5deb92d98ef5cf8afeaf0775ebca408f708b2146c4fb42b41e14be0 a16f3ce4dd5deb92d98ef5cf8afeaf0775ebca408f708b2146c4fb42b41e14be1  
182 2 1 3 a16f3ce4dd5deb92d98ef5cf8afeaf0775ebca408f708b2146c4fb42b41e14be1 50.0 1.0 29.0 09e5c4a5a089928bbe368cd0f2b09abafb3ebf328cd0d262d06ec35bdda1077f0 591e91f809d716912ca1d4a9295e70c3e78bab077683f79350f101da645880730 591e91f809d716912ca1d4a9295e70c3e78bab077683f79350f101da645880731  
183 2 1 3 591e91f809d716912ca1d4a9295e70c3e78bab077683f79350f101da645880731 50.0 1.0 28.0 b2e561eb278f5aba7a2c78d46422f496f4998003635cc65807e230407190a3550 12b5633bad1f9c167d523ad1aa1947b2732a865bf5414eab2f9e5ae5d5c191ba0 12b5633bad1f9c167d523ad1aa1947b2732a865bf5414eab2f9e5ae5d5c191ba1  
184 1 0 1 50.0 7261a156ddd561c8144eed6956ada63bf53fa015ef84f8f2b06d9928caf320bf0  
185 1 0 1 50.0 31df41cb92e000cfa5f0403bdbe41e5a693b01821b0ee9b9583afeffaf47dcee0  
186 1 0 1 50.0 21cb91349d6403cd296d60f94a52a2da4cc47c70fd7fb7f2ee33bd580c7b7c2f0  
187 2 1 2 12b5633bad1f9c167d523ad1aa1947b2732a865bf5414eab2f9e5ae5d5c191ba0 50.0 1.0 70587f1780ccd2ebbace28a7b33d83d19f4362f10ff7a4ad88f8c413883f94b70 4385fcf8b14497d0659adccfe06ae7e38e0b5dc95ff8a13d7c62035994a0cd790  
188 1 0 1 50.0 3a6d490a7cf40819cdd826729d921ad5ab4b8347dfbec81179dd09aba0d25b370  
189 1 0 1 50.0 5f6c6965593c19c55ea077d820dc1b49172e92e7179ac02491396c96292b6f5e0  
190 1 0 1 50.0 03754cb5d97171f404f7e298cd9a01933ec6581483757d79bebd4c226d962f350  
191 1 0 1 50.0 eb0050c15250c0cae3248d4989c84b45495aeb3d8434627fb8d217deb399adb10  
192 1 0 1 50.0 16293da6d4078f636b691448b57f96d5af32d7ca3fb15a20cc74845b224a44bd0  
193 1 0 1 50.0 10470e2c3c443863ea2e84684f7f6021539f518d3246ad97125d348ea1a759640  
194 1 0 1 50.0 a7edd1f5436d5867b26cbf0bff7663329198b1d4ab41beb8a3b9b36836dd14290  
195 1 0 1 50.0 49203e3de10ef224649f86efe80fc40bbaa30bc2ae069204724f0d33dbc744df0  
196 1 0 1 50.0 3f3c3521288c32c85172217f6dc0275740425e28d517f4b6638d7b282c4092210  
197 1 0 1 50.0 7a98238d69b473e82a4ccfa62463064379c0c96fa890a951ccdbb924f5572dcb0  
198 1 0 1 50.0 8453119b70f9a2b31aa32c64b5cade25fea8b67fb3437cb90a2332463f03250c0  
199 1 0 1 50.0 7794b939df62305460eb1b03adbf4a0cc1e1b43a3670e5272b7c71bf6574fa280  
